File List			Date:   8.11.1918    Time:  03:38

File Name: D:\ESR-DATA\PRAKTI~1\WISE1819\TEAM3~1\TAG1~1\sp01.spc

 Data Point  Value[G]     Intensity
-----------------------------------------
       0    3336.0000    -1.1607e+001
       1    3336.0489     4.3926e+000
       2    3336.0978     3.3926e+000
       3    3336.1466    -1.1607e+001
       4    3336.1955    -2.0607e+001
       5    3336.2444    -9.6074e+000
       6    3336.2933    -1.2607e+001
       7    3336.3421    -1.1607e+001
       8    3336.3910    -1.4607e+001
       9    3336.4399     3.3926e+000
      10    3336.4888    -2.6074e+000
      11    3336.5376    -6.6074e+000
      12    3336.5865     3.9258e-001
      13    3336.6354    -1.6074e+000
      14    3336.6843    -4.6074e+000
      15    3336.7331    -1.4607e+001
      16    3336.7820    -6.6074e+000
      17    3336.8309    -1.7607e+001
      18    3336.8798    -1.6074e+000
      19    3336.9286    -1.4607e+001
      20    3336.9775    -1.6607e+001
      21    3337.0264    -3.6074e+000
      22    3337.0753    -2.7607e+001
      23    3337.1241    -9.6074e+000
      24    3337.1730    -1.3607e+001
      25    3337.2219    -1.0607e+001
      26    3337.2708     5.3926e+000
      27    3337.3196    -1.5607e+001
      28    3337.3685    -1.3607e+001
      29    3337.4174     6.3926e+000
      30    3337.4663    -6.6074e+000
      31    3337.5152     2.3926e+000
      32    3337.5640     4.3926e+000
      33    3337.6129    -1.0607e+001
      34    3337.6618     4.3926e+000
      35    3337.7107    -1.0607e+001
      36    3337.7595    -6.6074e+000
      37    3337.8084     5.3926e+000
      38    3337.8573    -1.4607e+001
      39    3337.9062    -4.6074e+000
      40    3337.9550    -5.6074e+000
      41    3338.0039    -4.6074e+000
      42    3338.0528    -2.6074e+000
      43    3338.1017    -3.6074e+000
      44    3338.1505     1.5393e+001
      45    3338.1994    -1.3607e+001
      46    3338.2483    -6.0742e-001
      47    3338.2972     1.3926e+000
      48    3338.3460    -8.6074e+000
      49    3338.3949    -1.7607e+001
      50    3338.4438    -1.6074e+000
      51    3338.4927    -7.6074e+000
      52    3338.5415     1.3926e+000
      53    3338.5904    -4.6074e+000
      54    3338.6393    -2.6074e+000
      55    3338.6882    -1.0607e+001
      56    3338.7370    -8.6074e+000
      57    3338.7859    -4.6074e+000
      58    3338.8348     9.3926e+000
      59    3338.8837    -8.6074e+000
      60    3338.9326    -4.6074e+000
      61    3338.9814    -1.6074e+000
      62    3339.0303     6.3926e+000
      63    3339.0792     9.3926e+000
      64    3339.1281    -4.6074e+000
      65    3339.1769     1.0393e+001
      66    3339.2258     1.3926e+000
      67    3339.2747    -2.6074e+000
      68    3339.3236     9.3926e+000
      69    3339.3724     6.3926e+000
      70    3339.4213     9.3926e+000
      71    3339.4702     1.7393e+001
      72    3339.5191     2.4393e+001
      73    3339.5679     2.2393e+001
      74    3339.6168     2.5393e+001
      75    3339.6657     3.2393e+001
      76    3339.7146     3.8393e+001
      77    3339.7634     4.2393e+001
      78    3339.8123     6.0393e+001
      79    3339.8612     4.4393e+001
      80    3339.9101     4.9393e+001
      81    3339.9589     6.0393e+001
      82    3340.0078     7.1393e+001
      83    3340.0567     8.0393e+001
      84    3340.1056     7.5393e+001
      85    3340.1544     1.1139e+002
      86    3340.2033     1.1439e+002
      87    3340.2522     1.1239e+002
      88    3340.3011     1.1339e+002
      89    3340.3500     1.0639e+002
      90    3340.3988     1.2939e+002
      91    3340.4477     1.2139e+002
      92    3340.4966     1.2239e+002
      93    3340.5455     1.3439e+002
      94    3340.5943     1.2539e+002
      95    3340.6432     1.2539e+002
      96    3340.6921     1.2439e+002
      97    3340.7410     1.2539e+002
      98    3340.7898     1.1339e+002
      99    3340.8387     1.1639e+002
     100    3340.8876     9.5393e+001
     101    3340.9365     9.4393e+001
     102    3340.9853     9.2393e+001
     103    3341.0342     8.0393e+001
     104    3341.0831     8.2393e+001
     105    3341.1320     8.4393e+001
     106    3341.1808     5.6393e+001
     107    3341.2297     4.7393e+001
     108    3341.2786     4.5393e+001
     109    3341.3275     4.3393e+001
     110    3341.3763     3.7393e+001
     111    3341.4252     3.0393e+001
     112    3341.4741     4.0391e+001
     113    3341.5230     3.8398e+001
     114    3341.5718     4.1387e+001
     115    3341.6207     4.9395e+001
     116    3341.6696     5.0395e+001
     117    3341.7185     7.2387e+001
     118    3341.7674     8.6398e+001
     119    3341.8162     1.1539e+002
     120    3341.8651     1.6039e+002
     121    3341.9140     1.7740e+002
     122    3341.9629     2.2338e+002
     123    3342.0117     2.7341e+002
     124    3342.0606     3.4138e+002
     125    3342.1095     3.9239e+002
     126    3342.1584     4.8840e+002
     127    3342.2072     5.7439e+002
     128    3342.2561     6.7039e+002
     129    3342.3050     7.7840e+002
     130    3342.3539     8.9839e+002
     131    3342.4027     1.0434e+003
     132    3342.4516     1.1934e+003
     133    3342.5005     1.3564e+003
     134    3342.5494     1.5274e+003
     135    3342.5982     1.7154e+003
     136    3342.6471     1.9144e+003
     137    3342.6960     2.1294e+003
     138    3342.7449     2.3364e+003
     139    3342.7937     2.5724e+003
     140    3342.8426     2.7784e+003
     141    3342.8915     2.9774e+003
     142    3342.9404     3.1604e+003
     143    3342.9892     3.3434e+003
     144    3343.0381     3.5114e+003
     145    3343.0870     3.6374e+003
     146    3343.1359     3.7434e+003
     147    3343.1848     3.8174e+003
     148    3343.2336     3.8514e+003
     149    3343.2825     3.8604e+003
     150    3343.3314     3.7934e+003
     151    3343.3803     3.7113e+003
     152    3343.4291     3.5594e+003
     153    3343.4780     3.3644e+003
     154    3343.5269     3.1293e+003
     155    3343.5758     2.8564e+003
     156    3343.6246     2.5344e+003
     157    3343.6735     2.1664e+003
     158    3343.7224     1.7485e+003
     159    3343.7713     1.3313e+003
     160    3343.8201     8.9950e+002
     161    3343.8690     4.5238e+002
     162    3343.9179    -7.6250e+000
     163    3343.9668    -4.6463e+002
     164    3344.0156    -8.8163e+002
     165    3344.0645    -1.3126e+003
     166    3344.1134    -1.7025e+003
     167    3344.1623    -2.0828e+003
     168    3344.2111    -2.4084e+003
     169    3344.2600    -2.7140e+003
     170    3344.3089    -2.9463e+003
     171    3344.3578    -3.1548e+003
     172    3344.4066    -3.3205e+003
     173    3344.4555    -3.4248e+003
     174    3344.5044    -3.5035e+003
     175    3344.5533    -3.5268e+003
     176    3344.6022    -3.5165e+003
     177    3344.6510    -3.4475e+003
     178    3344.6999    -3.3828e+003
     179    3344.7488    -3.2868e+003
     180    3344.7977    -3.1313e+003
     181    3344.8465    -2.9890e+003
     182    3344.8954    -2.8243e+003
     183    3344.9443    -2.6488e+003
     184    3344.9932    -2.4708e+003
     185    3345.0420    -2.2735e+003
     186    3345.0909    -2.0945e+003
     187    3345.1398    -1.9148e+003
     188    3345.1887    -1.7315e+003
     189    3345.2375    -1.5708e+003
     190    3345.2864    -1.4215e+003
     191    3345.3353    -1.2775e+003
     192    3345.3842    -1.1338e+003
     193    3345.4330    -1.0138e+003
     194    3345.4819    -9.0325e+002
     195    3345.5308    -7.9400e+002
     196    3345.5797    -6.9725e+002
     197    3345.6285    -6.1275e+002
     198    3345.6774    -5.3475e+002
     199    3345.7263    -4.5950e+002
     200    3345.7752    -4.0250e+002
     201    3345.8240    -3.5575e+002
     202    3345.8729    -3.1150e+002
     203    3345.9218    -2.7375e+002
     204    3345.9707    -2.4750e+002
     205    3346.0196    -2.2450e+002
     206    3346.0684    -1.9275e+002
     207    3346.1173    -1.7375e+002
     208    3346.1662    -1.4550e+002
     209    3346.2151    -1.5050e+002
     210    3346.2639    -1.4550e+002
     211    3346.3128    -1.1875e+002
     212    3346.3617    -1.2875e+002
     213    3346.4106    -1.2250e+002
     214    3346.4594    -1.3850e+002
     215    3346.5083    -1.3675e+002
     216    3346.5572    -1.3050e+002
     217    3346.6061    -1.3475e+002
     218    3346.6549    -1.5250e+002
     219    3346.7038    -1.4875e+002
     220    3346.7527    -1.5950e+002
     221    3346.8016    -1.5250e+002
     222    3346.8504    -1.5575e+002
     223    3346.8993    -1.6950e+002
     224    3346.9482    -1.7275e+002
     225    3346.9971    -1.6850e+002
     226    3347.0459    -1.7150e+002
     227    3347.0948    -1.6675e+002
     228    3347.1437    -1.7475e+002
     229    3347.1926    -1.6550e+002
     230    3347.2414    -1.7950e+002
     231    3347.2903    -1.6975e+002
     232    3347.3392    -1.5750e+002
     233    3347.3881    -1.6250e+002
     234    3347.4370    -1.6675e+002
     235    3347.4858    -1.5775e+002
     236    3347.5347    -1.5425e+002
     237    3347.5836    -1.4600e+002
     238    3347.6325    -1.5825e+002
     239    3347.6813    -1.3800e+002
     240    3347.7302    -1.2525e+002
     241    3347.7791    -1.0675e+002
     242    3347.8280    -1.1775e+002
     243    3347.8768    -1.1025e+002
     244    3347.9257    -9.1000e+001
     245    3347.9746    -9.5250e+001
     246    3348.0235    -8.4750e+001
     247    3348.0723    -6.6750e+001
     248    3348.1212    -7.8500e+001
     249    3348.1701    -7.1500e+001
     250    3348.2190    -6.1750e+001
     251    3348.2678    -4.4750e+001
     252    3348.3167    -2.9250e+001
     253    3348.3656    -5.1750e+001
     254    3348.4145    -3.7750e+001
     255    3348.4633    -2.9500e+001
     256    3348.5122    -2.4500e+001
     257    3348.5611    -2.2750e+001
     258    3348.6100    -3.5750e+001
     259    3348.6588    -1.8250e+001
     260    3348.7077    -2.9750e+001
     261    3348.7566    -2.8750e+001
     262    3348.8055    -3.1500e+001
     263    3348.8543    -3.2500e+001
     264    3348.9032    -2.0750e+001
     265    3348.9521    -2.2750e+001
     266    3349.0010    -3.0250e+001
     267    3349.0499    -3.9000e+001
     268    3349.0987    -1.8250e+001
     269    3349.1476    -3.3750e+001
     270    3349.1965    -2.9750e+001
     271    3349.2454    -4.4250e+001
     272    3349.2942    -3.9000e+001
     273    3349.3431    -4.3250e+001
     274    3349.3920    -3.5000e+001
     275    3349.4409    -4.6250e+001
     276    3349.4897    -2.6750e+001
     277    3349.5386    -4.9750e+001
     278    3349.5875    -6.0500e+001
     279    3349.6364    -5.3500e+001
     280    3349.6852    -5.4750e+001
     281    3349.7341    -6.0500e+001
     282    3349.7830    -5.5500e+001
     283    3349.8319    -3.2750e+001
     284    3349.8807    -4.3750e+001
     285    3349.9296    -3.9500e+001
     286    3349.9785    -5.2500e+001
     287    3350.0274    -4.1750e+001
     288    3350.0762    -2.8500e+001
     289    3350.1251    -2.8750e+001
     290    3350.1740    -4.3500e+001
     291    3350.2229    -5.4500e+001
     292    3350.2717    -4.6750e+001
     293    3350.3206    -3.4500e+001
     294    3350.3695    -4.8750e+001
     295    3350.4184    -3.4500e+001
     296    3350.4673    -3.0750e+001
     297    3350.5161    -3.3500e+001
     298    3350.5650    -2.2500e+001
     299    3350.6139    -1.9750e+001
     300    3350.6628    -2.2750e+001
     301    3350.7116    -2.5500e+001
     302    3350.7605    -2.8500e+001
     303    3350.8094    -2.3500e+001
     304    3350.8583    -2.0750e+001
     305    3350.9071    -3.4750e+001
     306    3350.9560    -1.2500e+001
     307    3351.0049    -1.4500e+001
     308    3351.0538    -2.4750e+001
     309    3351.1026    -1.9500e+001
     310    3351.1515    -2.2750e+001
     311    3351.2004    -2.3500e+001
     312    3351.2493    -2.0500e+001
     313    3351.2981    -1.3750e+001
     314    3351.3470    -1.8750e+001
     315    3351.3959    -3.0250e+001
     316    3351.4448    -2.9000e+001
     317    3351.4936    -1.1250e+001
     318    3351.5425    -2.0750e+001
     319    3351.5914    -1.8750e+001
     320    3351.6403    -1.4500e+001
     321    3351.6891    -1.2500e+001
     322    3351.7380     5.2500e+000
     323    3351.7869    -1.2500e+001
     324    3351.8358    -2.0750e+001
     325    3351.8847    -4.5000e+000
     326    3351.9335    -1.6500e+001
     327    3351.9824    -8.7500e+000
     328    3352.0313    -5.7500e+000
     329    3352.0802    -2.0250e+001
     330    3352.1290    -1.3000e+001
     331    3352.1779    -8.2500e+000
     332    3352.2268    -1.9750e+001
     333    3352.2757    -1.9750e+001
     334    3352.3245     5.0000e-001
     335    3352.3734    -1.9500e+001
     336    3352.4223    -1.6750e+001
     337    3352.4712    -1.7500e+001
     338    3352.5200    -1.8750e+001
     339    3352.5689    -9.5000e+000
     340    3352.6178    -7.7500e+000
     341    3352.6667    -4.2500e+000
     342    3352.7155    -1.8000e+001
     343    3352.7644    -1.0500e+001
     344    3352.8133    -1.5500e+001
     345    3352.8622     2.5000e-001
     346    3352.9110    -1.5500e+001
     347    3352.9599    -1.5000e+000
     348    3353.0088     1.2500e+000
     349    3353.0577    -3.7500e+000
     350    3353.1065    -2.4250e+001
     351    3353.1554    -5.0000e+000
     352    3353.2043    -4.2500e+000
     353    3353.2532    -1.5750e+001
     354    3353.3021    -1.3750e+001
     355    3353.3509    -1.6500e+001
     356    3353.3998    -1.6500e+001
     357    3353.4487    -1.5750e+001
     358    3353.4976    -1.3500e+001
     359    3353.5464    -6.7500e+000
     360    3353.5953    -2.2500e+001
     361    3353.6442    -9.7500e+000
     362    3353.6931    -7.5000e+000
     363    3353.7419    -1.6500e+001
     364    3353.7908    -2.6750e+001
     365    3353.8397    -2.6500e+001
     366    3353.8886    -1.2750e+001
     367    3353.9374    -1.7500e+001
     368    3353.9863    -1.7500e+000
     369    3354.0352    -4.5000e+000
     370    3354.0841    -2.5000e+000
     371    3354.1329    -1.0750e+001
     372    3354.1818    -6.5000e+000
     373    3354.2307    -1.1750e+001
     374    3354.2796    -1.2500e+001
     375    3354.3284    -9.7500e+000
     376    3354.3773    -1.9500e+001
     377    3354.4262    -1.2500e+001
     378    3354.4751    -2.5750e+001
     379    3354.5239    -1.3500e+001
     380    3354.5728    -2.5750e+001
     381    3354.6217    -1.2500e+001
     382    3354.6706    -1.1750e+001
     383    3354.7195    -1.8500e+001
     384    3354.7683    -1.8500e+001
     385    3354.8172    -1.8750e+001
     386    3354.8661    -8.5000e+000
     387    3354.9150    -6.7500e+000
     388    3354.9638     9.5000e+000
     389    3355.0127     6.2500e+000
     390    3355.0616    -9.5000e+000
     391    3355.1105    -2.4500e+001
     392    3355.1593    -1.0750e+001
     393    3355.2082    -1.4500e+001
     394    3355.2571    -7.7500e+000
     395    3355.3060    -1.6500e+001
     396    3355.3548    -1.1750e+001
     397    3355.4037    -7.5000e+000
     398    3355.4526    -1.1500e+001
     399    3355.5015    -2.2750e+001
     400    3355.5503    -2.5000e+000
     401    3355.5992    -1.7750e+001
     402    3355.6481    -9.5000e+000
     403    3355.6970     1.2500e+000
     404    3355.7458    -1.0500e+001
     405    3355.7947    -2.5000e+000
     406    3355.8436    -7.5000e-001
     407    3355.8925     4.5000e+000
     408    3355.9413    -7.5000e-001
     409    3355.9902    -2.1500e+001
     410    3356.0391    -1.4750e+001
     411    3356.0880    -1.7500e+001
     412    3356.1369     1.5000e+000
     413    3356.1857    -4.7500e+000
     414    3356.2346     1.2250e+001
     415    3356.2835    -4.2500e+000
     416    3356.3324     0.0000e+000
     417    3356.3812     8.7500e+000
     418    3356.4301     7.2500e+000
     419    3356.4790     4.2500e+000
     420    3356.5279    -4.5000e+000
     421    3356.5767     1.2500e+001
     422    3356.6256     5.2500e+000
     423    3356.6745     2.2500e+001
     424    3356.7234     2.0500e+001
     425    3356.7722     1.6000e+001
     426    3356.8211     4.4750e+001
     427    3356.8700     2.7250e+001
     428    3356.9189     4.0500e+001
     429    3356.9677     3.8250e+001
     430    3357.0166     5.5500e+001
     431    3357.0655     6.0250e+001
     432    3357.1144     6.1500e+001
     433    3357.1632     8.2500e+001
     434    3357.2121     7.3250e+001
     435    3357.2610     8.7250e+001
     436    3357.3099     8.9750e+001
     437    3357.3587     7.6000e+001
     438    3357.4076     8.7750e+001
     439    3357.4565     1.0325e+002
     440    3357.5054     1.2925e+002
     441    3357.5543     1.1150e+002
     442    3357.6031     1.3450e+002
     443    3357.6520     1.2525e+002
     444    3357.7009     1.3450e+002
     445    3357.7498     1.4325e+002
     446    3357.7986     1.5550e+002
     447    3357.8475     1.3850e+002
     448    3357.8964     1.4325e+002
     449    3357.9453     1.3425e+002
     450    3357.9941     1.0875e+002
     451    3358.0430     1.3600e+002
     452    3358.0919     1.2175e+002
     453    3358.1408     9.9250e+001
     454    3358.1896     8.7250e+001
     455    3358.2385     9.8500e+001
     456    3358.2874     9.5500e+001
     457    3358.3363     7.4250e+001
     458    3358.3851     7.0500e+001
     459    3358.4340     6.4250e+001
     460    3358.4829     6.5500e+001
     461    3358.5318     5.6500e+001
     462    3358.5806     4.3250e+001
     463    3358.6295     4.9250e+001
     464    3358.6784     3.4750e+001
     465    3358.7273     4.3000e+001
     466    3358.7761     5.3750e+001
     467    3358.8250     4.2250e+001
     468    3358.8739     5.0250e+001
     469    3358.9228     6.7500e+001
     470    3358.9717     7.9500e+001
     471    3359.0205     1.0825e+002
     472    3359.0694     1.3750e+002
     473    3359.1183     1.6625e+002
     474    3359.1672     1.8550e+002
     475    3359.2160     2.3925e+002
     476    3359.2649     2.8150e+002
     477    3359.3138     3.3950e+002
     478    3359.3627     4.1125e+002
     479    3359.4115     4.9450e+002
     480    3359.4604     5.8325e+002
     481    3359.5093     6.9550e+002
     482    3359.5582     8.1450e+002
     483    3359.6070     9.3725e+002
     484    3359.6559     1.0903e+003
     485    3359.7048     1.2095e+003
     486    3359.7537     1.3855e+003
     487    3359.8025     1.5693e+003
     488    3359.8514     1.7465e+003
     489    3359.9003     1.9535e+003
     490    3359.9492     2.1773e+003
     491    3359.9980     2.3903e+003
     492    3360.0469     2.6038e+003
     493    3360.0958     2.8060e+003
     494    3360.1447     3.0118e+003
     495    3360.1935     3.1890e+003
     496    3360.2424     3.3718e+003
     497    3360.2913     3.5273e+003
     498    3360.3402     3.6713e+003
     499    3360.3891     3.7748e+003
     500    3360.4379     3.8580e+003
     501    3360.4868     3.8805e+003
     502    3360.5357     3.8775e+003
     503    3360.5846     3.8305e+003
     504    3360.6334     3.7450e+003
     505    3360.6823     3.5990e+003
     506    3360.7312     3.4020e+003
     507    3360.7801     3.1665e+003
     508    3360.8289     2.8840e+003
     509    3360.8778     2.5410e+003
     510    3360.9267     2.1910e+003
     511    3360.9756     1.7795e+003
     512    3361.0244     1.3545e+003
     513    3361.0733     9.1400e+002
     514    3361.1222     4.4900e+002
     515    3361.1711    -3.1000e+001
     516    3361.2199    -5.0050e+002
     517    3361.2688    -9.4800e+002
     518    3361.3177    -1.3540e+003
     519    3361.3666    -1.7750e+003
     520    3361.4154    -2.1525e+003
     521    3361.4643    -2.4805e+003
     522    3361.5132    -2.7675e+003
     523    3361.5621    -3.0090e+003
     524    3361.6109    -3.2185e+003
     525    3361.6598    -3.3765e+003
     526    3361.7087    -3.5035e+003
     527    3361.7576    -3.5435e+003
     528    3361.8065    -3.5740e+003
     529    3361.8553    -3.5685e+003
     530    3361.9042    -3.5225e+003
     531    3361.9531    -3.4355e+003
     532    3362.0020    -3.3290e+003
     533    3362.0508    -3.1690e+003
     534    3362.0997    -3.0250e+003
     535    3362.1486    -2.8535e+003
     536    3362.1975    -2.6910e+003
     537    3362.2463    -2.5070e+003
     538    3362.2952    -2.3120e+003
     539    3362.3441    -2.1265e+003
     540    3362.3930    -1.9535e+003
     541    3362.4418    -1.7720e+003
     542    3362.4907    -1.6045e+003
     543    3362.5396    -1.4230e+003
     544    3362.5885    -1.2795e+003
     545    3362.6373    -1.1440e+003
     546    3362.6862    -1.0065e+003
     547    3362.7351    -8.9900e+002
     548    3362.7840    -7.7350e+002
     549    3362.8328    -7.0850e+002
     550    3362.8817    -6.1100e+002
     551    3362.9306    -5.3400e+002
     552    3362.9795    -4.6700e+002
     553    3363.0283    -4.1650e+002
     554    3363.0772    -3.6250e+002
     555    3363.1261    -3.1200e+002
     556    3363.1750    -2.7500e+002
     557    3363.2239    -2.4300e+002
     558    3363.2727    -2.0650e+002
     559    3363.3216    -1.7700e+002
     560    3363.3705    -1.6000e+002
     561    3363.4194    -1.6000e+002
     562    3363.4682    -1.4650e+002
     563    3363.5171    -1.4750e+002
     564    3363.5660    -1.3250e+002
     565    3363.6149    -1.3100e+002
     566    3363.6637    -1.2750e+002
     567    3363.7126    -1.3450e+002
     568    3363.7615    -1.3550e+002
     569    3363.8104    -1.3300e+002
     570    3363.8592    -1.3700e+002
     571    3363.9081    -1.5500e+002
     572    3363.9570    -1.4650e+002
     573    3364.0059    -1.5900e+002
     574    3364.0547    -1.5900e+002
     575    3364.1036    -1.6900e+002
     576    3364.1525    -1.6350e+002
     577    3364.2014    -1.6950e+002
     578    3364.2502    -1.8150e+002
     579    3364.2991    -1.9000e+002
     580    3364.3480    -1.8450e+002
     581    3364.3969    -1.9950e+002
     582    3364.4457    -1.8650e+002
     583    3364.4946    -1.7800e+002
     584    3364.5435    -1.6900e+002
     585    3364.5924    -1.8200e+002
     586    3364.6413    -1.6750e+002
     587    3364.6901    -1.7300e+002
     588    3364.7390    -1.6700e+002
     589    3364.7879    -1.6100e+002
     590    3364.8368    -1.5550e+002
     591    3364.8856    -1.5050e+002
     592    3364.9345    -1.4800e+002
     593    3364.9834    -1.2900e+002
     594    3365.0323    -1.1900e+002
     595    3365.0811    -1.1950e+002
     596    3365.1300    -1.2450e+002
     597    3365.1789    -1.1500e+002
     598    3365.2278    -1.0600e+002
     599    3365.2766    -1.0400e+002
     600    3365.3255    -8.3500e+001
     601    3365.3744    -9.3000e+001
     602    3365.4233    -6.7000e+001
     603    3365.4721    -6.9000e+001
     604    3365.5210    -6.5500e+001
     605    3365.5699    -7.9500e+001
     606    3365.6188    -6.3000e+001
     607    3365.6676    -5.7000e+001
     608    3365.7165    -4.9000e+001
     609    3365.7654    -6.7500e+001
     610    3365.8143    -4.9500e+001
     611    3365.8631    -5.0000e+001
     612    3365.9120    -4.4500e+001
     613    3365.9609    -5.9500e+001
     614    3366.0098    -5.0500e+001
     615    3366.0587    -4.6500e+001
     616    3366.1075    -4.4000e+001
     617    3366.1564    -3.7000e+001
     618    3366.2053    -2.2000e+001
     619    3366.2542    -2.9000e+001
     620    3366.3030    -4.1000e+001
     621    3366.3519    -4.9000e+001
     622    3366.4008    -3.5000e+001
     623    3366.4497    -4.3500e+001
     624    3366.4985    -4.5000e+001
     625    3366.5474    -2.9500e+001
     626    3366.5963    -3.4000e+001
     627    3366.6452    -2.5500e+001
     628    3366.6940    -2.5500e+001
     629    3366.7429    -1.8500e+001
     630    3366.7918    -3.2000e+001
     631    3366.8407    -3.4500e+001
     632    3366.8895    -3.2500e+001
     633    3366.9384    -2.7500e+001
     634    3366.9873    -3.4500e+001
     635    3367.0362    -3.8000e+001
     636    3367.0850    -2.2500e+001
     637    3367.1339    -2.5500e+001
     638    3367.1828    -2.5500e+001
     639    3367.2317    -4.0000e+001
     640    3367.2805    -2.5000e+001
     641    3367.3294    -3.0000e+001
     642    3367.3783    -3.0000e+001
     643    3367.4272    -4.0000e+001
     644    3367.4761    -3.0500e+001
     645    3367.5249    -3.8000e+001
     646    3367.5738    -3.4500e+001
     647    3367.6227    -2.9500e+001
     648    3367.6716    -2.8000e+001
     649    3367.7204    -3.7500e+001
     650    3367.7693    -4.8000e+001
     651    3367.8182    -3.5500e+001
     652    3367.8671    -2.6000e+001
     653    3367.9159    -3.0500e+001
     654    3367.9648    -4.2000e+001
     655    3368.0137    -2.2500e+001
     656    3368.0626    -2.8500e+001
     657    3368.1114    -3.2500e+001
     658    3368.1603    -2.6000e+001
     659    3368.2092    -2.8500e+001
     660    3368.2581    -3.4500e+001
     661    3368.3069    -2.4500e+001
     662    3368.3558    -3.7000e+001
     663    3368.4047    -2.4000e+001
     664    3368.4536    -2.7000e+001
     665    3368.5024    -2.4500e+001
     666    3368.5513    -2.3500e+001
     667    3368.6002    -2.2000e+001
     668    3368.6491    -3.2500e+001
     669    3368.6979    -1.8500e+001
     670    3368.7468    -2.2500e+001
     671    3368.7957    -3.7500e+001
     672    3368.8446    -3.0000e+001
     673    3368.8935    -1.0500e+001
     674    3368.9423    -2.2500e+001
     675    3368.9912    -1.1500e+001
     676    3369.0401    -2.0500e+001
     677    3369.0890    -3.6000e+001
     678    3369.1378    -3.2500e+001
     679    3369.1867    -6.5000e+000
     680    3369.2356    -2.3500e+001
     681    3369.2845    -2.2000e+001
     682    3369.3333    -2.6000e+001
     683    3369.3822    -3.2000e+001
     684    3369.4311    -2.5000e+001
     685    3369.4800    -2.2000e+001
     686    3369.5288    -2.8000e+001
     687    3369.5777    -3.1000e+001
     688    3369.6266    -3.0000e+001
     689    3369.6755    -1.6000e+001
     690    3369.7243    -1.6000e+001
     691    3369.7732    -2.5000e+001
     692    3369.8221    -2.2500e+001
     693    3369.8710    -6.5000e+000
     694    3369.9198     2.5000e+000
     695    3369.9687    -4.0000e+000
     696    3370.0176     1.0000e+000
     697    3370.0665     1.7000e+001
     698    3370.1153     1.9000e+001
     699    3370.1642     3.0000e+001
     700    3370.2131     8.0000e+000
     701    3370.2620     1.3000e+001
     702    3370.3109     2.3000e+001
     703    3370.3597     2.8000e+001
     704    3370.4086     1.0000e+001
     705    3370.4575     1.0000e+001
     706    3370.5064     2.0500e+001
     707    3370.5552     6.5000e+000
     708    3370.6041     1.3500e+001
     709    3370.6530     6.0000e+000
     710    3370.7019    -9.0000e+000
     711    3370.7507     9.0000e+000
     712    3370.7996    -7.0000e+000
     713    3370.8485    -1.7000e+001
     714    3370.8974    -8.0000e+000
     715    3370.9462    -1.1000e+001
     716    3370.9951    -1.0000e+001
     717    3371.0440     0.0000e+000
     718    3371.0929    -4.0000e+000
     719    3371.1417    -1.0000e+001
     720    3371.1906     1.4500e+001
     721    3371.2395    -1.5000e+000
     722    3371.2884     1.5000e+000
     723    3371.3372    -1.9000e+001
     724    3371.3861    -1.5500e+001
     725    3371.4350    -1.0000e+000
     726    3371.4839    -9.5000e+000
     727    3371.5327     1.2000e+001
     728    3371.5816     2.0000e+000
     729    3371.6305    -5.0000e-001
     730    3371.6794    -1.7500e+001
     731    3371.7283    -9.5000e+000
     732    3371.7771    -1.5000e+000
     733    3371.8260    -6.0000e+000
     734    3371.8749    -1.3500e+001
     735    3371.9238    -1.6500e+001
     736    3371.9726     1.2500e+001
     737    3372.0215     8.0000e+000
     738    3372.0704    -4.5000e+000
     739    3372.1193     1.5000e+000
     740    3372.1681     1.6500e+001
     741    3372.2170     1.7500e+001
     742    3372.2659     1.7000e+001
     743    3372.3148     1.0500e+001
     744    3372.3636     1.6500e+001
     745    3372.4125     1.0500e+001
     746    3372.4614     2.0000e+001
     747    3372.5103     1.4000e+001
     748    3372.5591     1.7000e+001
     749    3372.6080     9.5000e+000
     750    3372.6569     1.6000e+001
     751    3372.7058     2.4000e+001
     752    3372.7546     1.9000e+001
     753    3372.8035     3.2500e+001
     754    3372.8524     1.6500e+001
     755    3372.9013     1.1000e+001
     756    3372.9501     6.0000e+000
     757    3372.9990     1.1000e+001
     758    3373.0479     1.2500e+001
     759    3373.0968     6.0000e+000
     760    3373.1457     0.0000e+000
     761    3373.1945    -4.0000e+000
     762    3373.2434    -2.5000e+000
     763    3373.2923    -1.2500e+001
     764    3373.3412    -1.2500e+001
     765    3373.3900    -1.0000e+000
     766    3373.4389    -1.4500e+001
     767    3373.4878    -1.1500e+001
     768    3373.5367    -9.5000e+000
     769    3373.5855    -7.5000e+000
     770    3373.6344    -7.0000e+000
     771    3373.6833    -1.9500e+001
     772    3373.7322    -1.5500e+001
     773    3373.7810     4.5000e+000
     774    3373.8299    -1.1000e+001
     775    3373.8788     3.0000e+000
     776    3373.9277    -8.0000e+000
     777    3373.9765    -3.5000e+000
     778    3374.0254     2.3000e+001
     779    3374.0743    -1.0000e+000
     780    3374.1232     5.0000e+000
     781    3374.1720     1.1500e+001
     782    3374.2209     1.3500e+001
     783    3374.2698     2.1000e+001
     784    3374.3187     2.8000e+001
     785    3374.3675     2.6000e+001
     786    3374.4164     4.1500e+001
     787    3374.4653     5.4000e+001
     788    3374.5142     6.1000e+001
     789    3374.5630     7.0000e+001
     790    3374.6119     9.3500e+001
     791    3374.6608     6.2500e+001
     792    3374.7097     9.0500e+001
     793    3374.7586     1.0200e+002
     794    3374.8074     1.0750e+002
     795    3374.8563     1.1550e+002
     796    3374.9052     1.0950e+002
     797    3374.9541     1.1750e+002
     798    3375.0029     1.1300e+002
     799    3375.0518     1.2650e+002
     800    3375.1007     1.2250e+002
     801    3375.1496     1.4650e+002
     802    3375.1984     1.3400e+002
     803    3375.2473     1.4950e+002
     804    3375.2962     1.3850e+002
     805    3375.3451     1.3750e+002
     806    3375.3939     1.1950e+002
     807    3375.4428     1.3200e+002
     808    3375.4917     1.1700e+002
     809    3375.5406     9.9500e+001
     810    3375.5894     1.0800e+002
     811    3375.6383     9.9500e+001
     812    3375.6872     8.4000e+001
     813    3375.7361     8.7500e+001
     814    3375.7849     8.1500e+001
     815    3375.8338     6.5500e+001
     816    3375.8827     5.2000e+001
     817    3375.9316     6.6000e+001
     818    3375.9804     6.9000e+001
     819    3376.0293     4.7000e+001
     820    3376.0782     5.1000e+001
     821    3376.1271     7.0000e+001
     822    3376.1760     6.2000e+001
     823    3376.2248     8.5000e+001
     824    3376.2737     9.8000e+001
     825    3376.3226     1.1400e+002
     826    3376.3715     1.3900e+002
     827    3376.4203     1.6750e+002
     828    3376.4692     1.9250e+002
     829    3376.5181     2.1750e+002
     830    3376.5670     2.9000e+002
     831    3376.6158     3.4400e+002
     832    3376.6647     3.8700e+002
     833    3376.7136     4.5100e+002
     834    3376.7625     5.3300e+002
     835    3376.8113     6.4600e+002
     836    3376.8602     7.4400e+002
     837    3376.9091     8.7200e+002
     838    3376.9580     9.8800e+002
     839    3377.0068     1.1410e+003
     840    3377.0557     1.2750e+003
     841    3377.1046     1.4425e+003
     842    3377.1535     1.6135e+003
     843    3377.2023     1.7765e+003
     844    3377.2512     1.9930e+003
     845    3377.3001     2.2000e+003
     846    3377.3490     2.4120e+003
     847    3377.3978     2.6090e+003
     848    3377.4467     2.8000e+003
     849    3377.4956     2.9800e+003
     850    3377.5445     3.1840e+003
     851    3377.5934     3.3510e+003
     852    3377.6422     3.5020e+003
     853    3377.6911     3.6400e+003
     854    3377.7400     3.7410e+003
     855    3377.7889     3.8085e+003
     856    3377.8377     3.8425e+003
     857    3377.8866     3.8175e+003
     858    3377.9355     3.7760e+003
     859    3377.9844     3.6685e+003
     860    3378.0332     3.5155e+003
     861    3378.0821     3.3360e+003
     862    3378.1310     3.0870e+003
     863    3378.1799     2.8240e+003
     864    3378.2287     2.4870e+003
     865    3378.2776     2.1320e+003
     866    3378.3265     1.7590e+003
     867    3378.3754     1.3140e+003
     868    3378.4242     8.6700e+002
     869    3378.4731     4.2800e+002
     870    3378.5220    -4.0000e+000
     871    3378.5709    -4.4400e+002
     872    3378.6197    -8.8800e+002
     873    3378.6686    -1.3050e+003
     874    3378.7175    -1.7080e+003
     875    3378.7664    -2.0680e+003
     876    3378.8152    -2.3910e+003
     877    3378.8641    -2.6820e+003
     878    3378.9130    -2.9120e+003
     879    3378.9619    -3.1460e+003
     880    3379.0108    -3.3130e+003
     881    3379.0596    -3.4320e+003
     882    3379.1085    -3.5150e+003
     883    3379.1574    -3.5600e+003
     884    3379.2063    -3.5370e+003
     885    3379.2551    -3.4930e+003
     886    3379.3040    -3.4180e+003
     887    3379.3529    -3.3140e+003
     888    3379.4018    -3.1920e+003
     889    3379.4506    -3.0410e+003
     890    3379.4995    -2.8760e+003
     891    3379.5484    -2.7030e+003
     892    3379.5973    -2.5360e+003
     893    3379.6461    -2.3570e+003
     894    3379.6950    -2.1730e+003
     895    3379.7439    -1.9890e+003
     896    3379.7928    -1.8270e+003
     897    3379.8416    -1.6410e+003
     898    3379.8905    -1.4840e+003
     899    3379.9394    -1.3270e+003
     900    3379.9883    -1.2030e+003
     901    3380.0371    -1.0740e+003
     902    3380.0860    -9.4800e+002
     903    3380.1349    -8.3700e+002
     904    3380.1838    -7.3000e+002
     905    3380.2326    -6.5500e+002
     906    3380.2815    -5.7300e+002
     907    3380.3304    -4.9900e+002
     908    3380.3793    -4.4600e+002
     909    3380.4282    -3.9400e+002
     910    3380.4770    -3.5100e+002
     911    3380.5259    -2.9800e+002
     912    3380.5748    -2.6500e+002
     913    3380.6237    -2.4500e+002
     914    3380.6725    -2.1700e+002
     915    3380.7214    -2.0200e+002
     916    3380.7703    -1.8400e+002
     917    3380.8192    -1.6300e+002
     918    3380.8680    -1.5000e+002
     919    3380.9169    -1.4900e+002
     920    3380.9658    -1.4300e+002
     921    3381.0147    -1.3100e+002
     922    3381.0635    -1.2700e+002
     923    3381.1124    -1.4300e+002
     924    3381.1613    -1.5200e+002
     925    3381.2102    -1.5300e+002
     926    3381.2590    -1.5200e+002
     927    3381.3079    -1.5700e+002
     928    3381.3568    -1.4600e+002
     929    3381.4057    -1.6600e+002
     930    3381.4545    -1.7900e+002
     931    3381.5034    -1.8500e+002
     932    3381.5523    -1.7800e+002
     933    3381.6012    -1.8900e+002
     934    3381.6500    -1.8800e+002
     935    3381.6989    -1.8600e+002
     936    3381.7478    -1.8900e+002
     937    3381.7967    -1.9700e+002
     938    3381.8456    -1.9800e+002
     939    3381.8944    -1.9200e+002
     940    3381.9433    -1.8400e+002
     941    3381.9922    -1.9200e+002
     942    3382.0411    -1.8100e+002
     943    3382.0899    -1.7200e+002
     944    3382.1388    -1.6300e+002
     945    3382.1877    -1.5400e+002
     946    3382.2366    -1.4500e+002
     947    3382.2854    -1.4800e+002
     948    3382.3343    -1.5300e+002
     949    3382.3832    -1.4100e+002
     950    3382.4321    -1.1700e+002
     951    3382.4809    -1.1400e+002
     952    3382.5298    -1.2000e+002
     953    3382.5787    -1.1100e+002
     954    3382.6276    -9.7000e+001
     955    3382.6764    -9.9000e+001
     956    3382.7253    -7.8000e+001
     957    3382.7742    -8.8000e+001
     958    3382.8231    -7.5000e+001
     959    3382.8719    -8.0000e+001
     960    3382.9208    -6.5000e+001
     961    3382.9697    -6.6000e+001
     962    3383.0186    -7.0000e+001
     963    3383.0674    -5.7000e+001
     964    3383.1163    -5.7000e+001
     965    3383.1652    -7.0000e+001
     966    3383.2141    -6.0000e+001
     967    3383.2630    -5.1000e+001
     968    3383.3118    -5.0000e+001
     969    3383.3607    -4.3000e+001
     970    3383.4096    -6.3000e+001
     971    3383.4585    -4.7000e+001
     972    3383.5073    -4.5000e+001
     973    3383.5562    -3.3000e+001
     974    3383.6051    -3.9000e+001
     975    3383.6540    -3.9000e+001
     976    3383.7028    -5.0000e+001
     977    3383.7517    -3.3000e+001
     978    3383.8006    -3.0000e+001
     979    3383.8495    -4.3000e+001
     980    3383.8983    -4.8000e+001
     981    3383.9472    -3.6000e+001
     982    3383.9961    -5.1000e+001
     983    3384.0450    -3.3000e+001
     984    3384.0938    -3.5000e+001
     985    3384.1427    -3.0000e+001
     986    3384.1916    -3.3000e+001
     987    3384.2405    -1.6000e+001
     988    3384.2893    -2.0000e+001
     989    3384.3382    -3.0000e+001
     990    3384.3871    -3.2000e+001
     991    3384.4360    -3.1000e+001
     992    3384.4848    -2.2000e+001
     993    3384.5337    -1.6000e+001
     994    3384.5826    -1.9000e+001
     995    3384.6315    -2.4000e+001
     996    3384.6804    -2.6000e+001
     997    3384.7292    -7.0000e+000
     998    3384.7781    -1.5000e+001
     999    3384.8270    -2.9000e+001
    1000    3384.8759    -1.1000e+001
    1001    3384.9247    -1.7000e+001
    1002    3384.9736    -2.0000e+001
    1003    3385.0225    -2.2000e+001
    1004    3385.0714    -2.6000e+001
    1005    3385.1202    -1.5000e+001
    1006    3385.1691    -1.5000e+001
    1007    3385.2180    -1.1000e+001
    1008    3385.2669    -3.7000e+001
    1009    3385.3157    -3.1000e+001
    1010    3385.3646    -2.4000e+001
    1011    3385.4135    -2.8000e+001
    1012    3385.4624    -1.5000e+001
    1013    3385.5112    -2.1000e+001
    1014    3385.5601    -3.2000e+001
    1015    3385.6090    -1.7000e+001
    1016    3385.6579    -2.2000e+001
    1017    3385.7067    -1.9000e+001
    1018    3385.7556    -5.0000e+000
    1019    3385.8045    -1.6000e+001
    1020    3385.8534    -1.6000e+001
    1021    3385.9022    -2.9000e+001
    1022    3385.9511    -6.0000e+000
    1023    3386.0000    -1.5000e+001
